10100101101110011000;10,111,00,10,010,00
1101100011011100000010110111111000000001010000000110010000111010101;1010,010111,010010,11110,100100,1111,00100,11
101000110100001001010110101111011010100000111110101100101010110111000010100011;01111,000001,111,011,001,1100,11011,001
0010100001010010011001010011010000100011000001010111110010011100010;10110,010,00,0010,000000,011010,00110,11,000000,0011
001001111100111110101000011100001100101110110110100100110111110000110100;11001,01,000,10100,010000,101
1010001101010101010000011010101010111111110111000000111000101110110110;10,101,11,10,01101,01010,11,111,01,0100
10100101101110011000;10,111,00,10,010,00
1000010011110010011101011100011010010000010010111001110110100011010001111001001;11011,010101,1010,10,11,1111
010010000100100011110000001010001110001110000101101100111000000001010000;0000,10,111,11,11,100,01111,11101
1001110100101011101111110001110000100111111010100100111111100000100001111;1001,1111,11,111001,010,0011,00,01,000011,01
10110110110010000001001110101111000000111101000011000010000101101000110;1111,10100,010,010011,00,01,110010,00000,1100,11
00111101111010001111001011010100011000100100000111111101111000011000;101110,11,101101,111101,101,101110,01100,110,00100,110101
10101011101011010100110000101100111000001111010100000011010000100;1111,00011,10,100,01,10,10,1100,0100,110
10010110011110000001110001110110111110000100001001000000110010011;011,111,0010,111,1010,1111,00,1011,111,01
1111000111101010010001001001101010000111111010010001010100010011100111110111011;001010,11001,0001,100010,010111,01110,01111,0011,01011,10101
01100011011100000101111010000110000001000000010110011111011010101011000010;10,01111,0100,01000,1011,10111,00011,10100,110,110
101011010000001000010101001011110011111010100001000000100110110101001;01000,01000,0001,1000,001011,100,1010,111100
0100111011011101000111001000110110000111100001010100111000101001110101011100110;111,0000,00110,0001,11000,00,0011,1100
000100000000010110111011000110001010111010111010010110100011010001;011,001,001100,1101,11,011011
00011011110011101011110000010011000101000111111101111101000110100101;010,101,0001,11,10,1110,01,111,000010,10
01110101100101001111010110101000011011000101101111111101010100100000111010010111;10,10110,10011,011100,001010,1001
101111110111111110010101011000100111100011011001101000000000100100101100011011;00,1111,00011,101,11111,1000,011001,10